395.28	997.03
396.58	983.92
397.88	968.50
399.18	938.80
400.49	936.56
401.80	923.75
403.10	915.58
404.40	909.30
405.70	888.51
407.02	871.15
408.32	872.33
409.62	872.65
410.92	859.01
412.24	867.61
413.54	848.88
414.84	836.80
416.15	828.69
417.46	815.06
418.76	833.82
420.07	825.78
421.38	831.19
422.68	831.09
423.98	837.36
425.30	826.38
426.60	836.26
427.91	809.85
429.22	834.92
430.52	831.91
431.83	829.56
433.14	798.67
434.44	804.71
435.76	801.92
437.06	782.72
438.37	792.29
439.68	795.22
440.98	772.12
442.30	789.72
443.60	754.29
444.91	765.44
446.22	749.41
447.53	751.48
448.84	750.89
450.15	756.37
451.46	750.82
452.76	777.27
454.08	771.87
455.38	791.20
456.70	809.43
458.00	807.01
459.32	801.74
460.63	815.38
461.94	832.14
463.25	819.25
464.56	835.72
465.87	829.93
467.18	825.34
468.49	828.97
469.80	847.47
471.12	851.74
472.42	856.29
473.74	845.74
475.05	862.30
476.36	852.69
477.68	864.34
478.99	861.46
480.30	862.98
481.61	847.86
482.92	855.69
484.24	859.21
485.55	862.27
486.86	854.93
488.18	851.33
489.49	857.97
490.80	891.49
492.12	855.93
493.43	872.62
494.74	878.01
496.06	880.51
497.37	890.18
498.69	879.38
500.00	886.51
501.32	880.89
502.63	913.19
503.94	919.42
505.26	918.14
506.58	954.76
507.89	974.31
509.20	1002.00
510.52	1043.61
511.84	1054.16
513.15	1119.65
514.47	1169.28
515.79	1221.87
517.10	1283.11
518.42	1346.40
519.73	1402.91
521.05	1458.88
522.37	1542.93
523.68	1624.74
525.00	1683.22
526.32	1752.41
527.64	1814.41
528.95	1879.62
530.27	1953.47
531.59	1995.70
532.90	2075.05
534.22	2084.78
535.54	2145.16
536.86	2183.47
538.18	2219.57
539.50	2255.08
540.81	2294.97
542.13	2336.83
543.45	2357.43
544.77	2398.48
546.09	2435.34
547.41	2476.71
548.73	2480.44
550.05	2525.96
551.37	2560.45
552.69	2593.79
554.01	2598.76
555.33	2593.31
556.65	2596.11
557.97	2606.30
559.29	2599.62
560.61	2570.00
561.93	2557.30
563.25	2561.95
564.57	2531.97
565.89	2491.66
567.21	2469.98
568.54	2444.46
569.86	2403.45
571.18	2368.14
572.50	2327.31
573.82	2309.90
575.14	2273.73
576.47	2245.91
577.79	2221.38
579.11	2190.63
580.43	2173.14
581.76	2147.51
583.08	2125.71
584.40	2099.50
585.73	2100.81
587.05	2085.46
588.37	2083.71
589.70	2074.74
591.02	2085.02
592.34	2084.90
593.67	2087.46
594.99	2088.13
596.32	2099.83
597.64	2101.68
598.96	2077.86
600.29	2082.71
601.62	2100.38
602.94	2073.69
604.26	2055.35
605.59	2047.01
606.92	2009.15
608.24	2002.87
609.57	1955.08
610.89	1941.97
612.22	1911.21
613.54	1885.61
614.87	1864.88
616.19	1832.48
617.52	1814.79
618.85	1798.51
620.17	1783.29
621.50	1788.25
622.83	1776.26
624.16	1777.92
625.48	1775.16
626.81	1765.31
628.14	1755.76
629.46	1773.07
630.79	1757.59
632.12	1745.88
633.45	1738.21
634.78	1704.16
636.10	1682.04
637.43	1671.47
638.76	1645.49
640.09	1607.60
641.42	1576.77
642.75	1549.81
644.08	1517.68
645.40	1487.15
646.74	1436.38
648.07	1421.84
649.40	1381.55
650.72	1383.23
652.06	1365.35
653.38	1333.31
654.71	1307.81
656.04	1287.34
657.38	1270.67
658.70	1242.20
660.04	1213.12
661.36	1175.23
662.70	1160.56
664.03	1134.53
665.36	1114.03
666.69	1091.31
668.03	1061.86
669.36	1056.18
670.68	1035.57
672.02	1016.03
673.35	1012.47
674.68	988.70
676.02	990.84
677.34	984.34
678.68	1000.81
680.02	967.74
681.34	969.86
682.68	975.10
684.01	974.81
685.34	1001.30
686.68	1014.48
688.01	1051.24
689.34	1124.59
690.68	1168.42
692.02	1255.67
693.34	1377.28
694.68	1487.17
696.02	1618.92
697.35	1785.19
698.68	1934.78
700.02	2115.41
701.36	2276.20
702.68	2454.63
704.03	2625.03
705.36	2772.25
706.70	2943.53
708.03	3100.95
709.36	3265.30
710.70	3415.61
712.04	3567.15
713.38	3722.04
714.71	3869.87
716.04	4033.64
717.38	4186.70
718.71	4338.02
720.06	4479.79
721.40	4642.18
722.72	4788.38
724.06	4906.59
725.40	5043.99
726.74	5174.32
728.08	5300.28
729.42	5423.07
730.76	5528.18
732.10	5640.77
733.43	5745.51
734.76	5830.37
736.10	5934.86
737.44	5992.35
738.79	6080.45
740.12	6148.69
741.46	6213.82
742.80	6247.21
744.14	6304.86
745.47	6349.83
746.82	6355.78
748.16	6387.06
749.50	6418.79
750.84	6431.45
752.18	6438.44
753.52	6436.05
754.86	6445.43
756.20	6469.31
757.54	6456.29
758.88	6448.11
760.21	6464.24
761.56	6469.85
762.90	6480.07
764.24	6509.44
765.58	6514.15
766.92	6510.84
768.26	6517.53
769.60	6511.88
770.95	6528.53
772.30	6525.44
773.64	6535.97
774.97	6524.24
776.32	6537.19
777.66	6546.25
779.00	6539.41
780.34	6544.11
781.69	6546.08
783.04	6549.56
784.38	6558.24
785.71	6537.74
787.06	6542.11
788.40	6532.75
789.75	6517.73
791.10	6497.04
792.44	6492.50
793.79	6451.58
795.12	6428.06
796.47	6407.40
797.82	6380.89
799.16	6361.36
800.50	6336.34
801.85	6307.22
803.20	6278.73
804.54	6261.00
805.88	6223.46
807.23	6213.69
808.58	6187.42
809.92	6170.73
811.26	6174.33
812.62	6177.87
813.96	6153.70
815.30	6154.32
816.66	6135.31
818.00	6125.23
819.34	6130.29
820.70	6114.16
822.04	6113.75
823.38	6121.52
824.74	6097.17
826.08	6084.75
827.42	6069.42
828.78	6059.56
830.12	6027.35
831.47	6002.49
832.82	5976.60
834.16	5953.91
835.52	5903.01
836.86	5893.46
838.21	5867.34
839.56	5843.39
840.91	5824.31
842.26	5818.52
843.61	5806.36
844.96	5784.68
846.30	5766.59
847.66	5747.71
849.00	5740.00
850.36	5721.13
851.70	5727.93
853.06	5719.54
854.40	5699.58
855.76	5702.18
857.10	5704.27
858.46	5716.76
859.81	5726.64
861.16	5740.33
862.51	5733.78
863.86	5749.46
865.21	5765.34
866.56	5772.46
867.92	5813.93
869.26	5826.98
870.62	5875.66
871.97	5888.69
873.32	5935.07
874.68	5941.26
876.03	5979.86
877.38	5999.01
878.73	6029.61
880.08	6074.42
881.44	6111.17
882.79	6144.79
884.14	6161.86
885.50	6193.93
886.85	6226.87
888.20	6233.17
889.56	6239.65
890.91	6281.53
892.26	6288.91
893.62	6298.61
894.97	6314.84
896.33	6309.29
897.68	6319.27
899.04	6335.63
900.39	6347.69
901.74	6361.29
903.10	6377.07
904.46	6351.14
905.81	6368.39
907.17	6390.86
908.52	6381.57
909.88	6399.34
911.23	6409.64
912.59	6408.48
913.94	6413.17
915.30	6429.71
916.66	6450.56
918.02	6456.42
919.37	6445.01
920.73	6462.84
922.08	6449.62
923.44	6472.04
924.80	6478.99
926.16	6466.53
927.51	6459.80
928.87	6478.78
930.23	6470.49
931.59	6485.28
932.94	6483.00
934.30	6489.52
935.66	6489.51
937.02	6496.66
938.38	6493.42
939.74	6486.83
941.10	6489.06
942.45	6498.02
943.81	6490.46
945.17	6486.42
946.53	6497.13
947.89	6511.28
949.25	6497.29
950.61	6506.00
951.97	6530.37
953.33	6520.03
954.69	6521.23
956.05	6497.95
957.41	6457.20
958.77	6417.76
960.13	6374.47
961.49	6357.40
962.85	6323.11
964.21	6316.37
965.58	6305.42
966.94	6302.97
968.30	6341.11
969.66	6402.95
971.02	6526.51
972.38	6671.03
973.74	6850.70
975.11	7031.03
976.47	7165.25
977.83	7348.49
979.20	7547.40
980.56	7713.00
981.92	7927.73
983.28	8139.42
984.65	8403.48
986.01	8617.61
987.37	8863.73
988.74	9101.00
990.10	9333.26
991.46	9548.78
992.83	9682.93
994.19	9827.43
995.56	9891.57
996.92	9945.48
998.29	9963.92
999.65	9988.10
1001.01	10006.73
1002.38	9996.59
1003.74	9996.92
1005.11	10009.62
1006.47	9994.46
1007.84	9995.59
1009.20	9992.59
1010.57	10007.38
